
1 3 4

2 3 4

3 3 4

4 3 4

5 3 4

6 3 4

7 3 4

8 3 4

9 3 4

10 3 4

11 3 4

12 3 4

13 3 4

14 3 4

15 3 4

16 3 4

17 3 4

18 3 4

19 3 4

20 3 4

21 3 4

22 3 4

23 3 4

24 3 4

25 3 4

26 3 4

27 3 4

28 3 4

29 3 4

30 3 4

31 3 4

32 3 4

33 3 4

34 3 4

35 3 4

36 3 4

37 3 4

38 3 4

39 3 4

40 3 4

41 3 4

42 3 4

1 4 6

43 3 4

44 3 4

2 4 6

45 3 4

3 4 6

46 3 4

4 4 6

47 3 4

5 4 6

48 3 4

49 3 4

6 4 6

7 4 6

50 3 4

51 3 4

8 4 6

52 3 4

9 4 6

53 3 4

10 4 6

54 3 4

11 4 6

55 3 4

12 4 6

56 3 4

13 4 6

57 3 4

58 3 4

14 4 6

15 4 6

59 3 4

16 4 6

60 3 4

61 3 4

17 4 6

18 4 6

62 3 4

19 4 6

63 3 4

64 3 4

20 4 6

21 4 6

65 3 4

66 3 4

22 4 6

67 3 4

68 3 4

23 4 6

69 3 4

24 4 6

70 3 4

25 4 6

71 3 4

26 4 6

72 3 4

27 4 6

73 3 4

74 3 4

28 4 6

29 4 6

75 3 4

76 3 4

30 4 6

31 4 6

77 3 4

32 4 6

78 3 4

33 4 6

79 3 4

34 4 6

80 3 4

35 4 6

81 3 4

36 4 6

82 3 4

37 4 6

83 3 4

38 4 6

84 3 4

39 4 6

85 3 4

40 4 6

86 3 4

41 4 6

87 3 4

42 4 6

88 3 4

43 4 6

89 3 4

90 3 4

44 4 6

91 3 4

45 4 6

92 3 4

46 4 6

93 3 4

47 4 6

94 3 4

48 4 6

95 3 4

49 4 6

96 3 4

50 4 6

97 3 4

51 4 6

98 3 4

52 4 6

99 3 4

53 4 6

100 3 4

101 3 4

54 4 6

102 3 4

55 4 6

103 3 4

56 4 6

104 3 4

57 4 6

105 3 4

58 4 6

106 3 4

107 3 4

59 4 6

60 4 6

108 3 4

61 4 6

109 3 4

62 4 6

110 3 4

111 3 4

63 4 6

64 4 6

112 3 4

65 4 6

113 3 4

114 3 4

66 4 6

67 4 6

115 3 4

116 3 4

68 4 6

69 4 6

117 3 4

70 4 6

118 3 4

119 3 4

71 4 6

120 3 4

72 4 6

73 4 6

121 3 4

74 4 6

122 3 4

75 4 6

123 3 4

124 3 4

76 4 6

125 3 4

77 4 6

126 3 4

78 4 6

127 3 4

79 4 6

80 4 6

128 3 4

81 4 6

129 3 4

130 3 4

82 4 6

83 4 6

131 3 4

84 4 6

132 3 4

85 4 6

133 3 4

86 4 6

134 3 4

87 4 6

135 3 4

88 4 6

136 3 4

89 4 6

137 3 4

90 4 6

138 3 4

91 4 6

139 3 4

92 4 6

140 3 4

93 4 6

141 3 4

94 4 6

142 3 4

143 3 4

95 4 6

144 3 4

96 4 6

145 3 4

97 4 6

146 3 4

147 3 4
1 5 5

2 5 5

3 5 5

4 5 5

5 5 5

6 5 5

7 5 5

8 5 5

9 5 5

10 5 5

11 5 5

12 5 5

13 5 5

14 5 5

15 5 5

16 5 5

17 5 5

18 5 5

19 5 5

20 5 5

21 5 5

22 5 5

23 5 5

24 5 5

25 5 5

26 5 5

27 5 5

28 5 5

29 5 5

30 5 5

31 5 5

32 5 5

33 5 5

34 5 5

35 5 5

36 5 5

37 5 5

38 5 5

39 5 5

40 5 5

41 5 5

42 5 5

43 5 5

44 5 5

45 5 5

46 5 5

47 5 5

48 5 5

49 5 5

50 5 5

51 5 5

52 5 5

53 5 5

54 5 5

55 5 5

56 5 5

57 5 5

58 5 5

59 5 5

60 5 5

61 5 5

62 5 5

63 5 5

148 3 4

test copyout: 
1 6 2

2 6 2

149 3 4

test copyinstr1: 
1 7 10

150 3 4

test copyinstr2: 
1 8 3

1 9 10

2 8 3

151 3 4

test copyinstr3: 
1 10 1

152 3 4

test rwsbrk: 
1 11 3

2 11 3

3 11 3

4 11 3

5 11 3

6 11 3

7 11 3

8 11 3

9 11 3

10 11 3

11 11 3

12 11 3

13 11 3

14 11 3

15 11 3

16 11 3

17 11 3

18 11 3

19 11 3

20 11 3

21 11 3

22 11 3

23 11 3

24 11 3

25 11 3

26 11 3

27 11 3

153 3 4

test truncate1: 
1 12 9

2 12 9

3 12 9

4 12 9

5 12 9

6 12 9

7 12 9

8 12 9

9 12 9

10 12 9

11 12 9

12 12 9

13 12 9

14 12 9

15 12 9

16 12 9

17 12 9

18 12 9

19 12 9

20 12 9

21 12 9

22 12 9

23 12 9

24 12 9

25 12 9

26 12 9

27 12 9

28 12 9

29 12 9

30 12 9

31 12 9

32 12 9

33 12 9

34 12 9

35 12 9

36 12 9

37 12 9

38 12 9

39 12 9

40 12 9

41 12 9

42 12 9

43 12 9

44 12 9

45 12 9

154 3 4

test truncate2: 
1 13 6

2 13 6

3 13 6

4 13 6

5 13 6

6 13 6

7 13 6

8 13 6

9 13 6

10 13 6

11 13 6

12 13 6

13 13 6

14 13 6

15 13 6

16 13 6

17 13 6

18 13 6

19 13 6

20 13 6

21 13 6

22 13 6

23 13 6

24 13 6

25 13 6

26 13 6

27 13 6

28 13 6

29 13 6

30 13 6

31 13 6

32 13 6

33 13 6

34 13 6

35 13 6

36 13 6

155 3 4

test truncate3: 
1 14 8

2 14 8

3 14 8

4 14 8

5 14 8

6 14 8

7 14 8

8 14 8

9 14 8

1 15 8

10 14 8

2 15 8

11 14 8

3 15 8

12 14 8

4 15 8

13 14 8

5 15 8

14 14 8

6 15 8

15 14 8

7 15 8

16 14 8

8 15 8

17 14 8

9 15 8

18 14 8

10 15 8

19 14 8

11 15 8

20 14 8

12 15 8

21 14 8

13 15 8

22 14 8

14 15 8

23 14 8

15 15 8

24 14 8

16 15 8

25 14 8

17 15 8

26 14 8

27 14 8

18 15 8

28 14 8

19 15 8

29 14 8

20 15 8

30 14 8

21 15 8

31 14 8

22 15 8

32 14 8

23 15 8

33 14 8

24 15 8

34 14 8

25 15 8

35 14 8

26 15 8

36 14 8

27 15 8

37 14 8

28 15 8

38 14 8

29 15 8

39 14 8

30 15 8

40 14 8

41 14 8

31 15 8

32 15 8

42 14 8

33 15 8

43 14 8

34 15 8

44 14 8

35 15 8

45 14 8

36 15 8

46 14 8

37 15 8

47 14 8

38 15 8

48 14 8

39 15 8

49 14 8

40 15 8

50 14 8

41 15 8

51 14 8

42 15 8

52 14 8

43 15 8

53 14 8

44 15 8

45 15 8

54 14 8

46 15 8

55 14 8

47 15 8

56 14 8

48 15 8

57 14 8

49 15 8

58 14 8

50 15 8

59 14 8

51 15 8

60 14 8

52 15 8

61 14 8

53 15 8

62 14 8

54 15 8

63 14 8

55 15 8

64 14 8

56 15 8

65 14 8

57 15 8

66 14 8

58 15 8

59 15 8

67 14 8

60 15 8

68 14 8

61 15 8

69 14 8

62 15 8

70 14 8

63 15 8

71 14 8

64 15 8

72 14 8

65 15 8

73 14 8

66 15 8

74 14 8

67 15 8

75 14 8

68 15 8

76 14 8

69 15 8

77 14 8

70 15 8

78 14 8

71 15 8

79 14 8

72 15 8

73 15 8

80 14 8

74 15 8

81 14 8

75 15 8

82 14 8

76 15 8

83 14 8

77 15 8

84 14 8

78 15 8

85 14 8

79 15 8

86 14 8

80 15 8

87 14 8

81 15 8

88 14 8

82 15 8

89 14 8

83 15 8

90 14 8

84 15 8

91 14 8

85 15 8

92 14 8

86 15 8

93 14 8

87 15 8

94 14 8

88 15 8

95 14 8

89 15 8

96 14 8

90 15 8

97 14 8

91 15 8

98 14 8

92 15 8

99 14 8

93 15 8

100 14 8

94 15 8

101 14 8

95 15 8

102 14 8

96 15 8

103 14 8

97 15 8

104 14 8

98 15 8

105 14 8

99 15 8

106 14 8

100 15 8

101 15 8

107 14 8

108 14 8

102 15 8

109 14 8

103 15 8

110 14 8

104 15 8

111 14 8

105 15 8

112 14 8

106 15 8

113 14 8

107 15 8

114 14 8

108 15 8

115 14 8

109 15 8

116 14 8

110 15 8

117 14 8

111 15 8

118 14 8

112 15 8

119 14 8

113 15 8

120 14 8

114 15 8

121 14 8

115 15 8

122 14 8

116 15 8

123 14 8

117 15 8

124 14 8

118 15 8

125 14 8

119 15 8

126 14 8

120 15 8

127 14 8

121 15 8

128 14 8

122 15 8

129 14 8

123 15 8

130 14 8

124 15 8

131 14 8

125 15 8

132 14 8

126 15 8

133 14 8

127 15 8

134 14 8

135 14 8

128 15 8

136 14 8

129 15 8

137 14 8

130 15 8

138 14 8

131 15 8

139 14 8

132 15 8

140 14 8

133 15 8

141 14 8

134 15 8

142 14 8

135 15 8

143 14 8

136 15 8

144 14 8

137 15 8

145 14 8

138 15 8

146 14 8

139 15 8

147 14 8

140 15 8

148 14 8

149 14 8

141 15 8

150 14 8

142 15 8

151 14 8

143 15 8

152 14 8

144 15 8

153 14 8

145 15 8

154 14 8

146 15 8

155 14 8

147 15 8

156 14 8

148 15 8

157 14 8

149 15 8

158 14 8

150 15 8

159 14 8

151 15 8

160 14 8

152 15 8

161 14 8

153 15 8

162 14 8

163 14 8

154 15 8

164 14 8

155 15 8

165 14 8

156 15 8

166 14 8

157 15 8

167 14 8

158 15 8

168 14 8

159 15 8

160 15 8

161 15 8

162 15 8

163 15 8

164 15 8

165 15 8

166 15 8

167 15 8

168 15 8

169 15 8

170 15 8

171 15 8

172 15 8

173 15 8

174 15 8

175 15 8

176 15 8

177 15 8

178 15 8

179 15 8

180 15 8

181 15 8

182 15 8

183 15 8

184 15 8

185 15 8

186 15 8

187 15 8

188 15 8

189 15 8

190 15 8

191 15 8

192 15 8

193 15 8

194 15 8

195 15 8

196 15 8

197 15 8

198 15 8

199 15 8

200 15 8

201 15 8

202 15 8

203 15 8

204 15 8

205 15 8

206 15 8

207 15 8

208 15 8

209 15 8

210 15 8

211 15 8

212 15 8

213 15 8

214 15 8

215 15 8

216 15 8

217 15 8

218 15 8

219 15 8

220 15 8

221 15 8

222 15 8

223 15 8

224 15 8

225 15 8

226 15 8

227 15 8

228 15 8

229 15 8

230 15 8

231 15 8

232 15 8

233 15 8

234 15 8

235 15 8

236 15 8

237 15 8

238 15 8

239 15 8

240 15 8

241 15 8

242 15 8

243 15 8

244 15 8

245 15 8

246 15 8

247 15 8

248 15 8

249 15 8

250 15 8

251 15 8

252 15 8

253 15 8

254 15 8

255 15 8

256 15 8

257 15 8

258 15 8

259 15 8

260 15 8

261 15 8

262 15 8

263 15 8

264 15 8

265 15 8

266 15 8

267 15 8

268 15 8

269 15 8

270 15 8

271 15 8

272 15 8

273 15 8

274 15 8

275 15 8

276 15 8

277 15 8

278 15 8

279 15 8

280 15 8

281 15 8

282 15 8

283 15 8

284 15 8

285 15 8

286 15 8

287 15 8

288 15 8

289 15 8

290 15 8

291 15 8

292 15 8

293 15 8

294 15 8

295 15 8

296 15 8

297 15 8

298 15 8

299 15 8

300 15 8

301 15 8

302 15 8

303 15 8

304 15 8

305 15 8

306 15 8

307 15 8

308 15 8

309 15 8

310 15 8

311 15 8

312 15 8

313 15 8

314 15 8

315 15 8

316 15 8

317 15 8

318 15 8

319 15 8

169 14 8

170 14 8

171 14 8

172 14 8

173 14 8

174 14 8

175 14 8

176 14 8

177 14 8

178 14 8

179 14 8

156 3 4

test openiput: 
1 16 4

2 16 4

3 16 4

4 16 4

5 16 4

6 16 4

7 16 4

8 16 4

9 16 4

10 16 4

11 16 4

12 16 4

13 16 4

14 16 4

1 17 2

15 16 4

16 16 4

17 16 4

18 16 4

19 16 4

20 16 4

21 16 4

22 16 4

23 16 4

24 16 4

25 16 4

157 3 4

test exitiput: 
1 18 4

1 19 3

2 19 3

3 19 3

4 19 3

5 19 3

6 19 3

7 19 3

8 19 3

9 19 3

10 19 3

11 19 3

12 19 3

13 19 3

14 19 3

15 19 3

16 19 3

17 19 3

18 19 3

19 19 3

20 19 3

21 19 3

22 19 3

23 19 3

24 19 3

25 19 3

26 19 3

27 19 3

2 18 4

158 3 4

159 3 4

test iput: 
1 20 2

2 20 2

3 20 2

4 20 2

5 20 2

6 20 2

7 20 2

8 20 2

9 20 2

10 20 2

11 20 2

12 20 2

13 20 2

14 20 2

15 20 2

16 20 2

17 20 2

18 20 2

19 20 2

20 20 2

21 20 2

22 20 2

23 20 2

24 20 2

25 20 2

26 20 2

27 20 2

160 3 4

test opentest: 
1 21 3

161 3 4

test writetest: 
1 22 8

2 22 8

3 22 8

4 22 8

5 22 8

6 22 8

7 22 8

8 22 8

9 22 8

10 22 8

11 22 8

12 22 8

13 22 8

14 22 8

15 22 8

16 22 8

17 22 8

18 22 8

19 22 8

20 22 8

21 22 8

22 22 8

23 22 8

24 22 8

25 22 8

26 22 8

27 22 8

28 22 8

29 22 8

30 22 8

31 22 8

32 22 8

33 22 8

34 22 8

35 22 8

36 22 8

37 22 8

38 22 8

39 22 8

40 22 8

41 22 8

42 22 8

43 22 8

44 22 8

45 22 8

46 22 8

47 22 8

48 22 8

49 22 8

50 22 8

51 22 8

52 22 8

53 22 8

54 22 8

55 22 8

56 22 8

57 22 8

58 22 8

59 22 8

60 22 8

61 22 8

62 22 8

63 22 8

64 22 8

65 22 8

66 22 8

67 22 8

68 22 8

69 22 8

70 22 8

71 22 8

72 22 8

73 22 8

74 22 8

75 22 8

76 22 8

77 22 8

78 22 8

79 22 8

80 22 8

81 22 8

82 22 8

83 22 8

84 22 8

85 22 8

86 22 8

87 22 8

88 22 8

89 22 8

90 22 8

91 22 8

92 22 8

93 22 8

94 22 8

95 22 8

96 22 8

97 22 8

98 22 8

99 22 8

100 22 8

101 22 8

102 22 8

103 22 8

104 22 8

105 22 8

106 22 8

107 22 8

108 22 8

109 22 8

110 22 8

111 22 8

112 22 8

113 22 8

114 22 8

115 22 8

116 22 8

117 22 8

118 22 8

119 22 8

120 22 8

121 22 8

122 22 8

123 22 8

124 22 8

125 22 8

126 22 8

127 22 8

128 22 8

129 22 8

130 22 8

131 22 8

132 22 8

133 22 8

134 22 8

135 22 8

136 22 8

137 22 8

138 22 8

139 22 8

140 22 8

141 22 8

142 22 8

143 22 8

144 22 8

145 22 8

146 22 8

147 22 8

148 22 8

149 22 8

150 22 8

151 22 8

152 22 8

153 22 8

154 22 8

155 22 8

156 22 8

157 22 8

158 22 8

159 22 8

160 22 8

161 22 8

162 22 8

163 22 8

164 22 8

165 22 8

166 22 8

167 22 8

168 22 8

169 22 8

170 22 8

171 22 8

172 22 8

173 22 8

174 22 8

175 22 8

176 22 8

177 22 8

178 22 8

179 22 8

180 22 8

181 22 8

182 22 8

183 22 8

184 22 8

185 22 8

186 22 8

187 22 8

188 22 8

189 22 8

190 22 8

191 22 8

192 22 8

193 22 8

194 22 8

195 22 8

196 22 8

197 22 8

198 22 8

199 22 8

200 22 8

201 22 8

202 22 8

203 22 8

204 22 8

205 22 8

206 22 8

207 22 8

208 22 8

209 22 8

210 22 8

211 22 8

212 22 8

213 22 8

214 22 8

215 22 8

216 22 8

217 22 8

218 22 8

219 22 8

220 22 8

221 22 8

222 22 8

223 22 8

224 22 8

225 22 8

226 22 8

227 22 8

228 22 8

229 22 8

230 22 8

231 22 8

232 22 8

233 22 8

234 22 8

235 22 8

236 22 8

237 22 8

238 22 8

239 22 8

240 22 8

241 22 8

242 22 8

243 22 8

244 22 8

245 22 8

246 22 8

247 22 8

248 22 8

249 22 8

250 22 8

251 22 8

252 22 8

253 22 8

254 22 8

255 22 8

256 22 8

257 22 8

258 22 8

259 22 8

260 22 8

261 22 8

262 22 8

263 22 8

264 22 8

265 22 8

266 22 8

267 22 8

268 22 8

269 22 8

270 22 8

271 22 8

272 22 8

273 22 8

274 22 8

275 22 8

276 22 8

277 22 8

278 22 8

279 22 8

280 22 8

281 22 8

282 22 8

283 22 8

284 22 8

285 22 8

286 22 8

287 22 8

288 22 8

289 22 8

290 22 8

291 22 8

292 22 8

293 22 8

294 22 8

295 22 8

296 22 8

297 22 8

298 22 8

299 22 8

300 22 8

301 22 8

302 22 8

303 22 8

304 22 8

305 22 8

306 22 8

307 22 8

308 22 8

309 22 8

310 22 8

311 22 8

312 22 8

313 22 8

314 22 8

315 22 8

316 22 8

317 22 8

318 22 8

319 22 8

320 22 8

321 22 8

322 22 8

323 22 8

324 22 8

325 22 8

326 22 8

327 22 8

328 22 8

329 22 8

330 22 8

331 22 8

332 22 8

333 22 8

334 22 8

335 22 8

336 22 8

337 22 8

338 22 8

339 22 8

340 22 8

341 22 8

342 22 8

343 22 8

344 22 8

345 22 8

346 22 8

347 22 8

348 22 8

349 22 8

350 22 8

351 22 8

352 22 8

353 22 8

354 22 8

355 22 8

356 22 8

357 22 8

358 22 8

359 22 8

360 22 8

361 22 8

362 22 8

363 22 8

364 22 8

365 22 8

366 22 8

367 22 8

368 22 8

369 22 8

370 22 8

371 22 8

372 22 8

373 22 8

374 22 8

375 22 8

376 22 8

377 22 8

378 22 8

379 22 8

380 22 8

381 22 8

382 22 8

383 22 8

384 22 8

385 22 8

386 22 8

387 22 8

388 22 8

389 22 8

390 22 8

391 22 8

392 22 8

393 22 8

394 22 8

395 22 8

396 22 8

397 22 8

398 22 8

399 22 8

400 22 8

401 22 8

402 22 8

403 22 8

404 22 8

405 22 8

406 22 8

407 22 8

408 22 8

409 22 8

410 22 8

411 22 8

412 22 8

413 22 8

414 22 8

415 22 8

416 22 8

417 22 8

418 22 8

419 22 8

420 22 8

421 22 8

422 22 8

423 22 8

424 22 8

425 22 8

426 22 8

427 22 8

428 22 8

429 22 8

430 22 8

431 22 8

432 22 8

433 22 8

434 22 8

435 22 8

436 22 8

437 22 8

438 22 8

439 22 8

440 22 8

441 22 8

442 22 8

443 22 8

444 22 8

445 22 8

446 22 8

447 22 8

448 22 8

449 22 8

450 22 8

451 22 8

452 22 8

453 22 8

454 22 8

455 22 8

456 22 8

457 22 8

458 22 8

459 22 8

460 22 8

461 22 8

462 22 8

463 22 8

464 22 8

465 22 8

466 22 8

467 22 8

468 22 8

469 22 8

470 22 8

471 22 8

472 22 8

473 22 8

474 22 8

475 22 8

476 22 8

477 22 8

478 22 8

479 22 8

480 22 8

481 22 8

482 22 8

483 22 8

484 22 8

485 22 8

486 22 8

487 22 8

488 22 8

489 22 8

490 22 8

491 22 8

492 22 8

493 22 8

494 22 8

495 22 8

496 22 8

497 22 8

498 22 8

499 22 8

500 22 8

501 22 8

502 22 8

503 22 8

504 22 8

505 22 8

506 22 8

507 22 8

508 22 8

509 22 8

510 22 8

511 22 8

512 22 8

513 22 8

514 22 8

515 22 8

516 22 8

517 22 8

518 22 8

519 22 8

520 22 8

521 22 8

522 22 8

523 22 8

524 22 8

525 22 8

526 22 8

527 22 8

528 22 8

529 22 8

530 22 8

531 22 8

532 22 8

533 22 8

534 22 8

535 22 8

536 22 8

537 22 8

538 22 8

539 22 8

540 22 8

541 22 8

542 22 8

543 22 8

544 22 8

545 22 8

546 22 8

547 22 8

548 22 8

549 22 8

550 22 8

551 22 8

552 22 8

553 22 8

554 22 8

555 22 8

556 22 8

557 22 8

558 22 8

559 22 8

560 22 8

561 22 8

562 22 8

563 22 8

564 22 8

565 22 8

566 22 8

567 22 8

568 22 8

569 22 8

570 22 8

571 22 8

572 22 8

573 22 8

574 22 8

575 22 8

576 22 8

577 22 8

578 22 8

579 22 8

580 22 8

581 22 8

582 22 8

583 22 8

584 22 8

585 22 8

586 22 8

587 22 8

588 22 8

589 22 8

590 22 8

591 22 8

592 22 8

593 22 8

594 22 8

595 22 8

596 22 8

597 22 8

598 22 8

599 22 8

600 22 8

601 22 8

602 22 8

603 22 8

604 22 8

605 22 8

606 22 8

607 22 8

608 22 8

609 22 8

610 22 8

611 22 8

612 22 8

613 22 8

614 22 8

615 22 8

616 22 8

617 22 8

618 22 8

619 22 8

620 22 8

621 22 8

622 22 8

623 22 8

624 22 8

625 22 8

626 22 8

627 22 8

628 22 8

629 22 8

630 22 8

631 22 8

632 22 8

633 22 8

634 22 8

635 22 8

636 22 8

637 22 8

638 22 8

639 22 8

640 22 8

641 22 8

642 22 8

643 22 8

644 22 8

645 22 8

646 22 8

647 22 8

648 22 8

649 22 8

650 22 8

651 22 8

652 22 8

653 22 8

654 22 8

655 22 8

656 22 8

657 22 8

658 22 8

659 22 8

660 22 8

661 22 8

662 22 8

663 22 8

664 22 8

665 22 8

666 22 8

667 22 8

668 22 8

669 22 8

670 22 8

671 22 8

672 22 8

673 22 8

674 22 8

675 22 8

676 22 8

677 22 8

678 22 8

679 22 8

680 22 8

681 22 8

682 22 8

683 22 8

684 22 8

685 22 8

686 22 8

687 22 8

688 22 8

689 22 8

690 22 8

691 22 8

692 22 8

693 22 8

694 22 8

695 22 8

696 22 8

697 22 8

698 22 8

699 22 8

700 22 8

701 22 8

702 22 8

703 22 8

704 22 8

705 22 8

706 22 8

707 22 8

708 22 8

709 22 8

710 22 8

711 22 8

712 22 8

713 22 8

714 22 8

715 22 8

716 22 8

717 22 8

718 22 8

719 22 8

720 22 8

721 22 8

722 22 8

723 22 8

724 22 8

725 22 8

726 22 8

727 22 8

728 22 8

729 22 8

730 22 8

731 22 8

732 22 8

733 22 8

734 22 8

735 22 8

736 22 8

737 22 8

738 22 8

739 22 8

740 22 8

741 22 8

742 22 8

743 22 8

744 22 8

745 22 8

746 22 8

747 22 8

748 22 8

749 22 8

750 22 8

751 22 8

752 22 8

753 22 8

754 22 8

755 22 8

756 22 8

757 22 8

758 22 8

759 22 8

760 22 8

761 22 8

762 22 8

763 22 8

764 22 8

765 22 8

766 22 8

767 22 8

768 22 8

769 22 8

770 22 8

771 22 8

772 22 8

773 22 8

774 22 8

775 22 8

776 22 8

777 22 8

778 22 8

779 22 8

780 22 8

781 22 8

782 22 8

783 22 8

784 22 8

785 22 8

786 22 8

787 22 8

788 22 8

789 22 8

790 22 8

791 22 8

792 22 8

793 22 8

794 22 8

795 22 8

796 22 8

797 22 8

798 22 8

799 22 8

800 22 8

801 22 8

802 22 8

803 22 8

804 22 8

805 22 8

806 22 8

807 22 8

808 22 8

809 22 8

810 22 8

811 22 8

812 22 8

813 22 8

814 22 8

815 22 8

816 22 8

817 22 8

818 22 8

819 22 8

820 22 8

821 22 8

822 22 8

823 22 8

824 22 8

825 22 8

826 22 8

827 22 8

828 22 8

829 22 8

830 22 8

831 22 8

832 22 8

833 22 8

834 22 8

835 22 8

836 22 8

837 22 8

838 22 8

839 22 8

840 22 8

841 22 8

842 22 8

843 22 8

844 22 8

845 22 8

846 22 8

847 22 8

848 22 8

849 22 8

850 22 8

851 22 8

852 22 8

853 22 8

854 22 8

855 22 8

856 22 8

857 22 8

858 22 8

859 22 8

860 22 8

861 22 8

862 22 8

863 22 8

864 22 8

865 22 8

866 22 8

867 22 8

868 22 8

869 22 8

870 22 8

871 22 8

872 22 8

873 22 8

874 22 8

875 22 8

876 22 8

877 22 8

878 22 8

879 22 8

880 22 8

881 22 8

882 22 8

883 22 8

884 22 8

885 22 8

886 22 8

887 22 8

888 22 8

889 22 8

890 22 8

891 22 8

892 22 8

893 22 8

894 22 8

895 22 8

896 22 8

897 22 8

898 22 8

899 22 8

900 22 8

901 22 8

902 22 8

903 22 8

904 22 8

905 22 8

906 22 8

907 22 8

908 22 8

909 22 8

910 22 8

911 22 8

912 22 8

913 22 8

914 22 8

915 22 8

916 22 8

917 22 8

918 22 8

919 22 8

920 22 8

921 22 8

922 22 8

923 22 8

924 22 8

925 22 8

926 22 8

927 22 8

928 22 8

929 22 8

930 22 8

931 22 8

932 22 8

933 22 8

934 22 8

935 22 8

936 22 8

937 22 8

938 22 8

939 22 8

940 22 8

941 22 8

942 22 8

943 22 8

944 22 8

945 22 8

946 22 8

947 22 8

948 22 8

949 22 8

950 22 8

951 22 8

952 22 8

953 22 8

954 22 8

955 22 8

956 22 8

957 22 8

958 22 8

959 22 8

960 22 8

961 22 8

962 22 8

963 22 8

964 22 8

965 22 8

966 22 8

967 22 8

968 22 8

969 22 8

970 22 8

971 22 8

972 22 8

973 22 8

974 22 8

975 22 8

976 22 8

977 22 8

978 22 8

979 22 8

980 22 8

981 22 8

982 22 8

983 22 8

984 22 8

985 22 8

986 22 8

987 22 8

988 22 8

989 22 8

990 22 8

991 22 8

992 22 8

993 22 8

994 22 8

995 22 8

996 22 8

997 22 8

998 22 8

999 22 8

1000 22 8

1001 22 8

1002 22 8

1003 22 8

1004 22 8

1005 22 8

1006 22 8

1007 22 8

1008 22 8

1009 22 8

1010 22 8

1011 22 8

1012 22 8

1013 22 8

1014 22 8

1015 22 8

1016 22 8

1017 22 8

1018 22 8

1019 22 8

1020 22 8

1021 22 8

1022 22 8

1023 22 8

1024 22 8

1025 22 8

1026 22 8

1027 22 8

1028 22 8

1029 22 8

1030 22 8

1031 22 8

1032 22 8

1033 22 8

1034 22 8

1035 22 8

1036 22 8

1037 22 8

1038 22 8

1039 22 8

1040 22 8

1041 22 8

1042 22 8

1043 22 8

1044 22 8

1045 22 8

1046 22 8

1047 22 8

1048 22 8

1049 22 8

1050 22 8

1051 22 8

1052 22 8

1053 22 8

1054 22 8

1055 22 8

1056 22 8

1057 22 8

1058 22 8

1059 22 8

1060 22 8

1061 22 8

1062 22 8

1063 22 8

1064 22 8

1065 22 8

1066 22 8

1067 22 8

1068 22 8

1069 22 8

1070 22 8

1071 22 8

1072 22 8

1073 22 8

1074 22 8

1075 22 8

1076 22 8

1077 22 8

1078 22 8

1079 22 8

1080 22 8

1081 22 8

1082 22 8

1083 22 8

1084 22 8

1085 22 8

1086 22 8

1087 22 8

1088 22 8

1089 22 8

1090 22 8

1091 22 8

1092 22 8

1093 22 8

1094 22 8

1095 22 8

1096 22 8

1097 22 8

1098 22 8

1099 22 8

1100 22 8

1101 22 8

1102 22 8

1103 22 8

1104 22 8

1105 22 8

1106 22 8

1107 22 8

1108 22 8

1109 22 8

1110 22 8

1111 22 8

1112 22 8

1113 22 8

1114 22 8

1115 22 8

1116 22 8

1117 22 8

1118 22 8

1119 22 8

1120 22 8

1121 22 8

1122 22 8

1123 22 8

1124 22 8

1125 22 8

1126 22 8

1127 22 8

1128 22 8

1129 22 8

1130 22 8

1131 22 8

1132 22 8

1133 22 8

1134 22 8

1135 22 8

1136 22 8

1137 22 8

1138 22 8

1139 22 8

1140 22 8

1141 22 8

1142 22 8

1143 22 8

1144 22 8

1145 22 8

1146 22 8

1147 22 8

1148 22 8

1149 22 8

1150 22 8

1151 22 8

1152 22 8

1153 22 8

1154 22 8

1155 22 8

1156 22 8

1157 22 8

1158 22 8

1159 22 8

1160 22 8

1161 22 8

1162 22 8

1163 22 8

1164 22 8

1165 22 8

1166 22 8

1167 22 8

1168 22 8

1169 22 8

1170 22 8

1171 22 8

1172 22 8

1173 22 8

1174 22 8

1175 22 8

1176 22 8

1177 22 8

1178 22 8

1179 22 8

1180 22 8

1181 22 8

1182 22 8

1183 22 8

1184 22 8

1185 22 8

1186 22 8

1187 22 8

1188 22 8

1189 22 8

1190 22 8

1191 22 8

1192 22 8

1193 22 8

1194 22 8

1195 22 8

1196 22 8

1197 22 8

1198 22 8

1199 22 8

1200 22 8

1201 22 8

1202 22 8

1203 22 8

1204 22 8

1205 22 8

1206 22 8

1207 22 8

1208 22 8

1209 22 8

1210 22 8

1211 22 8

1212 22 8

1213 22 8

1214 22 8

1215 22 8

1216 22 8

1217 22 8

1218 22 8

1219 22 8

1220 22 8

1221 22 8

1222 22 8

1223 22 8

1224 22 8

1225 22 8

1226 22 8

1227 22 8

162 3 4

test writebig: 
1 23 2

2 23 2

3 23 2

4 23 2

5 23 2

6 23 2

7 23 2

8 23 2

9 23 2

10 23 2

11 23 2

12 23 2

13 23 2

14 23 2

15 23 2

16 23 2

17 23 2

18 23 2

19 23 2

20 23 2

21 23 2

22 23 2

23 23 2

24 23 2

25 23 2

26 23 2

27 23 2

28 23 2

29 23 2

30 23 2

31 23 2

32 23 2

33 23 2

34 23 2

35 23 2

36 23 2

37 23 2

38 23 2

39 23 2

40 23 2

41 23 2

42 23 2

43 23 2

44 23 2

45 23 2

46 23 2

47 23 2

48 23 2

49 23 2

50 23 2

51 23 2

52 23 2

53 23 2

54 23 2

55 23 2

56 23 2

57 23 2

58 23 2

59 23 2

60 23 2

61 23 2

62 23 2

63 23 2

64 23 2

65 23 2

66 23 2

67 23 2

68 23 2

69 23 2

70 23 2

71 23 2

72 23 2

73 23 2

74 23 2

75 23 2

76 23 2

77 23 2

78 23 2

79 23 2

80 23 2

81 23 2

82 23 2

83 23 2

84 23 2

85 23 2

86 23 2

87 23 2

88 23 2

89 23 2

90 23 2

91 23 2

92 23 2

93 23 2

94 23 2

95 23 2

96 23 2

97 23 2

98 23 2

99 23 2

100 23 2

101 23 2

102 23 2

103 23 2

104 23 2

105 23 2

106 23 2

107 23 2

108 23 2

109 23 2

110 23 2

111 23 2

112 23 2

113 23 2

114 23 2

115 23 2

116 23 2

117 23 2

118 23 2

119 23 2

120 23 2

121 23 2

122 23 2

123 23 2

124 23 2

125 23 2

126 23 2

127 23 2

128 23 2

129 23 2

130 23 2

131 23 2

132 23 2

133 23 2

134 23 2

135 23 2

136 23 2

137 23 2

138 23 2

139 23 2

140 23 2

141 23 2

142 23 2

143 23 2

144 23 2

145 23 2

146 23 2

147 23 2

148 23 2

149 23 2

150 23 2

151 23 2

152 23 2

153 23 2

154 23 2

155 23 2

156 23 2

157 23 2

158 23 2

159 23 2

160 23 2

161 23 2

162 23 2

163 23 2

164 23 2

165 23 2

166 23 2

167 23 2

168 23 2

169 23 2

170 23 2

171 23 2

172 23 2

173 23 2

174 23 2

175 23 2

176 23 2

177 23 2

178 23 2

179 23 2

180 23 2

181 23 2

182 23 2

183 23 2

184 23 2

185 23 2

186 23 2

187 23 2

188 23 2

189 23 2

190 23 2

191 23 2

192 23 2

193 23 2

194 23 2

195 23 2

196 23 2

197 23 2

198 23 2

199 23 2

200 23 2

201 23 2

202 23 2

203 23 2

204 23 2

205 23 2

206 23 2

207 23 2

208 23 2

209 23 2

210 23 2

211 23 2

212 23 2

213 23 2

214 23 2

215 23 2

216 23 2

217 23 2

218 23 2

219 23 2

220 23 2

221 23 2

222 23 2

223 23 2

224 23 2

225 23 2

226 23 2

227 23 2

228 23 2

229 23 2

230 23 2

231 23 2

232 23 2

233 23 2

234 23 2

235 23 2

236 23 2

237 23 2

238 23 2

239 23 2

240 23 2

241 23 2

242 23 2

243 23 2

244 23 2

245 23 2

246 23 2

247 23 2

248 23 2

249 23 2

250 23 2

251 23 2

252 23 2

253 23 2

254 23 2

255 23 2

256 23 2

257 23 2

258 23 2

259 23 2

260 23 2

261 23 2

262 23 2

263 23 2

264 23 2

265 23 2

266 23 2

267 23 2

268 23 2

269 23 2

270 23 2

271 23 2

272 23 2

273 23 2

274 23 2

275 23 2

276 23 2

277 23 2

278 23 2

279 23 2

280 23 2

281 23 2

282 23 2

283 23 2

284 23 2

285 23 2

286 23 2

287 23 2

288 23 2

289 23 2

290 23 2

291 23 2

292 23 2

293 23 2

294 23 2

295 23 2

296 23 2

297 23 2

298 23 2

299 23 2

300 23 2

301 23 2

302 23 2

303 23 2

304 23 2

305 23 2

306 23 2

307 23 2

308 23 2

309 23 2

310 23 2

311 23 2

312 23 2

313 23 2

314 23 2

315 23 2

316 23 2

317 23 2

318 23 2

319 23 2

320 23 2

321 23 2

322 23 2

323 23 2

324 23 2

325 23 2

326 23 2

327 23 2

328 23 2

329 23 2

330 23 2

331 23 2

332 23 2

333 23 2

334 23 2

335 23 2

336 23 2

337 23 2

338 23 2

339 23 2

340 23 2

341 23 2

342 23 2

343 23 2

344 23 2

345 23 2

346 23 2

347 23 2

348 23 2

349 23 2

350 23 2

351 23 2

352 23 2

353 23 2

354 23 2

355 23 2

356 23 2

357 23 2

358 23 2

359 23 2

360 23 2

361 23 2

362 23 2

363 23 2

364 23 2

365 23 2

366 23 2

367 23 2

368 23 2

369 23 2

370 23 2

371 23 2

372 23 2

373 23 2

374 23 2

375 23 2

376 23 2

377 23 2

378 23 2

379 23 2

380 23 2

381 23 2

382 23 2

383 23 2

384 23 2

385 23 2

386 23 2

387 23 2

388 23 2

389 23 2

390 23 2

391 23 2

392 23 2

393 23 2

394 23 2

395 23 2

396 23 2

397 23 2

398 23 2

399 23 2

400 23 2

401 23 2

402 23 2

403 23 2

404 23 2

405 23 2

406 23 2

407 23 2

408 23 2

409 23 2

410 23 2

411 23 2

412 23 2

413 23 2

414 23 2

415 23 2

416 23 2

417 23 2

418 23 2

419 23 2

420 23 2

421 23 2

422 23 2

423 23 2

424 23 2

425 23 2

426 23 2

427 23 2

428 23 2

429 23 2

430 23 2

431 23 2

432 23 2

433 23 2

434 23 2

435 23 2

436 23 2

437 23 2

438 23 2

439 23 2

440 23 2

441 23 2

442 23 2

443 23 2

444 23 2

445 23 2

446 23 2

447 23 2

448 23 2

449 23 2

450 23 2

451 23 2

452 23 2

453 23 2

454 23 2

455 23 2

456 23 2

457 23 2

458 23 2

459 23 2

460 23 2

461 23 2

462 23 2

463 23 2

464 23 2

465 23 2

466 23 2

467 23 2

468 23 2

469 23 2

470 23 2

471 23 2

472 23 2

473 23 2

474 23 2

475 23 2

476 23 2

477 23 2

478 23 2

479 23 2

480 23 2

481 23 2

482 23 2

483 23 2

484 23 2

485 23 2

486 23 2

487 23 2

488 23 2

489 23 2

490 23 2

491 23 2

492 23 2

493 23 2

494 23 2

495 23 2

496 23 2

497 23 2

498 23 2

499 23 2

500 23 2

501 23 2

502 23 2

503 23 2

504 23 2

505 23 2

506 23 2

507 23 2

508 23 2

509 23 2

510 23 2

511 23 2

512 23 2

513 23 2

514 23 2

515 23 2

516 23 2

517 23 2

518 23 2

519 23 2

520 23 2

521 23 2

522 23 2

523 23 2

524 23 2

525 23 2

526 23 2

527 23 2

528 23 2

529 23 2

530 23 2

531 23 2

532 23 2

533 23 2

534 23 2

535 23 2

536 23 2

537 23 2

538 23 2

539 23 2

540 23 2

541 23 2

542 23 2

543 23 2

544 23 2

545 23 2

546 23 2

547 23 2

548 23 2

549 23 2

550 23 2

551 23 2

552 23 2

553 23 2

554 23 2

555 23 2

556 23 2

557 23 2

558 23 2

559 23 2

560 23 2

561 23 2

562 23 2

563 23 2

564 23 2

565 23 2

566 23 2

567 23 2

568 23 2

569 23 2

570 23 2

571 23 2

572 23 2

573 23 2

574 23 2

575 23 2

576 23 2

577 23 2

578 23 2

579 23 2

580 23 2

581 23 2

582 23 2

583 23 2

584 23 2

585 23 2

586 23 2

587 23 2

588 23 2

589 23 2

590 23 2

591 23 2

592 23 2

593 23 2

594 23 2

595 23 2

596 23 2

597 23 2

598 23 2

599 23 2

600 23 2

601 23 2

602 23 2

603 23 2

604 23 2

605 23 2

606 23 2

607 23 2

608 23 2

609 23 2

610 23 2

611 23 2

612 23 2

613 23 2

614 23 2

615 23 2

616 23 2

617 23 2

618 23 2

619 23 2

620 23 2

621 23 2

622 23 2

623 23 2

624 23 2

625 23 2

626 23 2

627 23 2

628 23 2

629 23 2

630 23 2

631 23 2

632 23 2

633 23 2

634 23 2

635 23 2

636 23 2

637 23 2

638 23 2

639 23 2

640 23 2

641 23 2

642 23 2

643 23 2

644 23 2

645 23 2

646 23 2

647 23 2

648 23 2

649 23 2

650 23 2

651 23 2

652 23 2

653 23 2

654 23 2

655 23 2

656 23 2

657 23 2

658 23 2

659 23 2

660 23 2

661 23 2

662 23 2

663 23 2

664 23 2

665 23 2

666 23 2

667 23 2

668 23 2

669 23 2

670 23 2

671 23 2

672 23 2

673 23 2

674 23 2

675 23 2

676 23 2

677 23 2

678 23 2

679 23 2

680 23 2

681 23 2

682 23 2

683 23 2

684 23 2

685 23 2

686 23 2

687 23 2

688 23 2

689 23 2

690 23 2

691 23 2

692 23 2

693 23 2

694 23 2

695 23 2

696 23 2

697 23 2

698 23 2

699 23 2

700 23 2

701 23 2

702 23 2

703 23 2

704 23 2

705 23 2

706 23 2

707 23 2

708 23 2

709 23 2

710 23 2

711 23 2

712 23 2

713 23 2

714 23 2

715 23 2

716 23 2

717 23 2

718 23 2

719 23 2

720 23 2

721 23 2

722 23 2

723 23 2

724 23 2

725 23 2

726 23 2

727 23 2

728 23 2

729 23 2

730 23 2

731 23 2

732 23 2

733 23 2

734 23 2

735 23 2

736 23 2

737 23 2

738 23 2

739 23 2

740 23 2

741 23 2

742 23 2

743 23 2

744 23 2

745 23 2

746 23 2

747 23 2

748 23 2

749 23 2

750 23 2

751 23 2

752 23 2

753 23 2

754 23 2

755 23 2

756 23 2

757 23 2

758 23 2

759 23 2

760 23 2

761 23 2

762 23 2

763 23 2

764 23 2

765 23 2

766 23 2

767 23 2

768 23 2

769 23 2

770 23 2

771 23 2

772 23 2

773 23 2

774 23 2

775 23 2

776 23 2

777 23 2

778 23 2

779 23 2

780 23 2

781 23 2

782 23 2

783 23 2

784 23 2

785 23 2

786 23 2

787 23 2

788 23 2

789 23 2

790 23 2

791 23 2

792 23 2

793 23 2

794 23 2

795 23 2

796 23 2

797 23 2

798 23 2

799 23 2

800 23 2

801 23 2

802 23 2

803 23 2

804 23 2

805 23 2

806 23 2

807 23 2

808 23 2

809 23 2

810 23 2

811 23 2

812 23 2

813 23 2

814 23 2

815 23 2

816 23 2

817 23 2

818 23 2

819 23 2

820 23 2

821 23 2

822 23 2

823 23 2

824 23 2

825 23 2

826 23 2

827 23 2

828 23 2

829 23 2

830 23 2

831 23 2

832 23 2

833 23 2

834 23 2

835 23 2

836 23 2

837 23 2

838 23 2

839 23 2

840 23 2

841 23 2

842 23 2

843 23 2

844 23 2

845 23 2

846 23 2

847 23 2

848 23 2

849 23 2

850 23 2

851 23 2

852 23 2

853 23 2

854 23 2

855 23 2

856 23 2

857 23 2

858 23 2

859 23 2

860 23 2

861 23 2

862 23 2

863 23 2

864 23 2

865 23 2

866 23 2

867 23 2

868 23 2

869 23 2

870 23 2

871 23 2

872 23 2

873 23 2

874 23 2

875 23 2

876 23 2

877 23 2

878 23 2

879 23 2

880 23 2

881 23 2

882 23 2

883 23 2

884 23 2

885 23 2

886 23 2

887 23 2

888 23 2

889 23 2

890 23 2

891 23 2

892 23 2

893 23 2

894 23 2

895 23 2

896 23 2

897 23 2

898 23 2

899 23 2

900 23 2

901 23 2

902 23 2

903 23 2

904 23 2

905 23 2

906 23 2

907 23 2

908 23 2

909 23 2

910 23 2

911 23 2

912 23 2

913 23 2

914 23 2

915 23 2

916 23 2

917 23 2

918 23 2

919 23 2

920 23 2

921 23 2

922 23 2

923 23 2

924 23 2

925 23 2

926 23 2

927 23 2

928 23 2

929 23 2

930 23 2

931 23 2

932 23 2

933 23 2

934 23 2

935 23 2

936 23 2

937 23 2

938 23 2

939 23 2

940 23 2

941 23 2

942 23 2

943 23 2

944 23 2

945 23 2

946 23 2

947 23 2

948 23 2

949 23 2

950 23 2

951 23 2

952 23 2

953 23 2

954 23 2

955 23 2

956 23 2

957 23 2

958 23 2

959 23 2

960 23 2

961 23 2

962 23 2

963 23 2

964 23 2

965 23 2

966 23 2

967 23 2

968 23 2

969 23 2

970 23 2

971 23 2

972 23 2

973 23 2

974 23 2

975 23 2

976 23 2

977 23 2

978 23 2

979 23 2

980 23 2

981 23 2

982 23 2

983 23 2

984 23 2

985 23 2

986 23 2

987 23 2

988 23 2

989 23 2

990 23 2

991 23 2

992 23 2

993 23 2

994 23 2

995 23 2

996 23 2

997 23 2

998 23 2

999 23 2

1000 23 2

1001 23 2

1002 23 2

1003 23 2

1004 23 2

1005 23 2

1006 23 2

1007 23 2

1008 23 2

1009 23 2

1010 23 2

1011 23 2

1012 23 2

1013 23 2

1014 23 2

1015 23 2

1016 23 2

1017 23 2

1018 23 2

1019 23 2

1020 23 2

1021 23 2

1022 23 2

1023 23 2

1024 23 2

1025 23 2

1026 23 2

1027 23 2

1028 23 2

1029 23 2

1030 23 2

1031 23 2

1032 23 2

1033 23 2

1034 23 2

1035 23 2

1036 23 2

1037 23 2

1038 23 2

1039 23 2

1040 23 2

1041 23 2

1042 23 2

1043 23 2

1044 23 2

1045 23 2

1046 23 2

1047 23 2

1048 23 2

1049 23 2

1050 23 2

1051 23 2

1052 23 2

1053 23 2

1054 23 2

1055 23 2

1056 23 2

1057 23 2

1058 23 2

1059 23 2

1060 23 2

1061 23 2

1062 23 2

1063 23 2

1064 23 2

1065 23 2

1066 23 2

1067 23 2

1068 23 2

1069 23 2

1070 23 2

1071 23 2

1072 23 2

1073 23 2

1074 23 2

1075 23 2

1076 23 2

1077 23 2

1078 23 2

1079 23 2

1080 23 2

1081 23 2

1082 23 2

1083 23 2

1084 23 2

1085 23 2

1086 23 2

1087 23 2

1088 23 2

1089 23 2

1090 23 2

1091 23 2

1092 23 2

1093 23 2

1094 23 2

1095 23 2

1096 23 2

1097 23 2

1098 23 2

1099 23 2

1100 23 2

1101 23 2

1102 23 2

1103 23 2

1104 23 2

1105 23 2

1106 23 2

1107 23 2

1108 23 2

1109 23 2

1110 23 2

1111 23 2

1112 23 2

1113 23 2

1114 23 2

1115 23 2

1116 23 2

1117 23 2

1118 23 2

1119 23 2

1120 23 2

1121 23 2

1122 23 2

1123 23 2

1124 23 2

1125 23 2

1126 23 2

1127 23 2

1128 23 2

1129 23 2

1130 23 2

1131 23 2

1132 23 2

1133 23 2

1134 23 2

1135 23 2

1136 23 2

1137 23 2

1138 23 2

1139 23 2

1140 23 2

1141 23 2

1142 23 2

1143 23 2

1144 23 2

1145 23 2

1146 23 2

1147 23 2

1148 23 2

1149 23 2

1150 23 2

1151 23 2

1152 23 2

1153 23 2

1154 23 2

1155 23 2

1156 23 2

1157 23 2

1158 23 2

1159 23 2

1160 23 2

1161 23 2

1162 23 2

1163 23 2

1164 23 2

1165 23 2

1166 23 2

1167 23 2

1168 23 2

1169 23 2

1170 23 2

1171 23 2

1172 23 2

1173 23 2

1174 23 2

1175 23 2

1176 23 2

1177 23 2

1178 23 2

1179 23 2

1180 23 2

1181 23 2

1182 23 2

1183 23 2

1184 23 2

1185 23 2

1186 23 2

1187 23 2

1188 23 2

1189 23 2

1190 23 2

1191 23 2

1192 23 2

1193 23 2

1194 23 2

1195 23 2

1196 23 2

1197 23 2

1198 23 2

1199 23 2

1200 23 2

1201 23 2

1202 23 2

1203 23 2

1204 23 2

1205 23 2

1206 23 2

1207 23 2

1208 23 2

1209 23 2

1210 23 2

1211 23 2

1212 23 2

1213 23 2

1214 23 2

1215 23 2

1216 23 2

1217 23 2

1218 23 2

1219 23 2

1220 23 2

1221 23 2

1222 23 2

1223 23 2

1224 23 2

1225 23 2

1226 23 2

1227 23 2

1228 23 2

1229 23 2

1230 23 2

1231 23 2

1232 23 2

1233 23 2

1234 23 2

1235 23 2

1236 23 2

1237 23 2

1238 23 2

1239 23 2

1240 23 2

1241 23 2

1242 23 2

1243 23 2

1244 23 2

1245 23 2

1246 23 2

1247 23 2

1248 23 2

1249 23 2

1250 23 2

1251 23 2

1252 23 2

1253 23 2

1254 23 2

1255 23 2

1256 23 2

1257 23 2

1258 23 2

1259 23 2

1260 23 2

1261 23 2

1262 23 2

1263 23 2

1264 23 2

1265 23 2

1266 23 2

1267 23 2

1268 23 2

1269 23 2

1270 23 2

1271 23 2

1272 23 2

1273 23 2

1274 23 2

1275 23 2

1276 23 2

1277 23 2

1278 23 2

1279 23 2

1280 23 2

1281 23 2

1282 23 2

1283 23 2

1284 23 2

1285 23 2

1286 23 2

1287 23 2

1288 23 2

1289 23 2

1290 23 2

1291 23 2

1292 23 2

1293 23 2

1294 23 2

1295 23 2

1296 23 2

1297 23 2

1298 23 2

1299 23 2

1300 23 2

1301 23 2

1302 23 2

1303 23 2

1304 23 2

1305 23 2

1306 23 2

1307 23 2

1308 23 2

1309 23 2

1310 23 2

1311 23 2

1312 23 2

1313 23 2

1314 23 2

1315 23 2

1316 23 2

1317 23 2

1318 23 2

1319 23 2

1320 23 2

1321 23 2

1322 23 2

1323 23 2

1324 23 2

1325 23 2

1326 23 2

1327 23 2

1328 23 2

1329 23 2

1330 23 2

1331 23 2

1332 23 2

1333 23 2

1334 23 2

1335 23 2

1336 23 2

1337 23 2

1338 23 2

1339 23 2

1340 23 2

1341 23 2

1342 23 2

1343 23 2

1344 23 2

1345 23 2

1346 23 2

1347 23 2

1348 23 2

1349 23 2

1350 23 2

1351 23 2

1352 23 2

1353 23 2

1354 23 2

1355 23 2

1356 23 2

1357 23 2

1358 23 2

1359 23 2

1360 23 2

1361 23 2

1362 23 2

1363 23 2

1364 23 2

1365 23 2

1366 23 2

1367 23 2

1368 23 2

1369 23 2

1370 23 2

1371 23 2

1372 23 2

1373 23 2

1374 23 2

1375 23 2

1376 23 2

1377 23 2

1378 23 2

1379 23 2

1380 23 2

1381 23 2

1382 23 2

1383 23 2

1384 23 2

1385 23 2

1386 23 2

1387 23 2

1388 23 2

1389 23 2

1390 23 2

1391 23 2

1392 23 2

1393 23 2

1394 23 2

1395 23 2

1396 23 2

1397 23 2

1398 23 2

1399 23 2

1400 23 2

1401 23 2

1402 23 2

1403 23 2

1404 23 2

1405 23 2

1406 23 2

1407 23 2

1408 23 2

1409 23 2

1410 23 2

1411 23 2

1412 23 2

1413 23 2

1414 23 2

1415 23 2

1416 23 2

1417 23 2

1418 23 2

1419 23 2

1420 23 2

1421 23 2

1422 23 2

1423 23 2

1424 23 2

1425 23 2

1426 23 2

1427 23 2

1428 23 2

1429 23 2

1430 23 2

1431 23 2

1432 23 2

1433 23 2

1434 23 2

1435 23 2

1436 23 2

1437 23 2

1438 23 2

1439 23 2

1440 23 2

1441 23 2

1442 23 2

1443 23 2

1444 23 2

1445 23 2

1446 23 2

1447 23 2

1448 23 2

1449 23 2

1450 23 2

1451 23 2

1452 23 2

1453 23 2

1454 23 2

1455 23 2

1456 23 2

1457 23 2

1458 23 2

1459 23 2

1460 23 2

1461 23 2

1462 23 2

1463 23 2

1464 23 2

1465 23 2

1466 23 2

1467 23 2

1468 23 2

1469 23 2

1470 23 2

1471 23 2

1472 23 2

1473 23 2

1474 23 2

1475 23 2

1476 23 2

1477 23 2

1478 23 2

1479 23 2

1480 23 2

1481 23 2

1482 23 2

1483 23 2

1484 23 2

1485 23 2

1486 23 2

1487 23 2

1488 23 2

1489 23 2

1490 23 2

1491 23 2

1492 23 2

1493 23 2

1494 23 2

1495 23 2

1496 23 2

1497 23 2

1498 23 2

1499 23 2

1500 23 2

1501 23 2

1502 23 2

1503 23 2

1504 23 2

1505 23 2

1506 23 2

1507 23 2

1508 23 2

1509 23 2

1510 23 2

1511 23 2

1512 23 2

1513 23 2

1514 23 2

1515 23 2

1516 23 2

1517 23 2

1518 23 2

1519 23 2

1520 23 2

1521 23 2

1522 23 2

1523 23 2

1524 23 2

1525 23 2

1526 23 2

1527 23 2

1528 23 2

1529 23 2

1530 23 2

1531 23 2

1532 23 2

1533 23 2

1534 23 2

1535 23 2

1536 23 2

1537 23 2

1538 23 2

1539 23 2

1540 23 2

1541 23 2

1542 23 2

1543 23 2

1544 23 2

1545 23 2

1546 23 2

1547 23 2

1548 23 2

1549 23 2

1550 23 2

1551 23 2

1552 23 2

1553 23 2

1554 23 2

1555 23 2

1556 23 2

1557 23 2

1558 23 2

1559 23 2

1560 23 2

1561 23 2

1562 23 2

1563 23 2

1564 23 2

1565 23 2

1566 23 2

1567 23 2

1568 23 2

1569 23 2

1570 23 2

1571 23 2

1572 23 2

1573 23 2

1574 23 2

1575 23 2

1576 23 2

1577 23 2

1578 23 2

1579 23 2

1580 23 2

1581 23 2

1582 23 2

1583 23 2

1584 23 2

1585 23 2

1586 23 2

1587 23 2

1588 23 2

1589 23 2

1590 23 2

1591 23 2

1592 23 2

1593 23 2

1594 23 2

1595 23 2

1596 23 2

1597 23 2

1598 23 2

1599 23 2

1600 23 2

1601 23 2

1602 23 2

1603 23 2

1604 23 2

1605 23 2

1606 23 2

1607 23 2

1608 23 2

1609 23 2

1610 23 2

1611 23 2

1612 23 2

1613 23 2

1614 23 2

1615 23 2

1616 23 2

1617 23 2

1618 23 2

1619 23 2

1620 23 2

1621 23 2

1622 23 2

1623 23 2

1624 23 2

1625 23 2

1626 23 2

1627 23 2

1628 23 2

1629 23 2

1630 23 2

1631 23 2

1632 23 2

1633 23 2

1634 23 2

1635 23 2

1636 23 2

1637 23 2

1638 23 2

1639 23 2

1640 23 2

1641 23 2

1642 23 2

1643 23 2

1644 23 2

1645 23 2

1646 23 2

1647 23 2

1648 23 2

1649 23 2

1650 23 2

1651 23 2

1652 23 2

1653 23 2

1654 23 2

1655 23 2

1656 23 2

1657 23 2

1658 23 2

1659 23 2

1660 23 2

1661 23 2

1662 23 2

1663 23 2

1664 23 2

1665 23 2

1666 23 2

1667 23 2

1668 23 2

1669 23 2

1670 23 2

1671 23 2

1672 23 2

1673 23 2

1674 23 2

1675 23 2

1676 23 2

1677 23 2

1678 23 2

1679 23 2

1680 23 2

1681 23 2

1682 23 2

1683 23 2

1684 23 2

1685 23 2

1686 23 2

1687 23 2

1688 23 2

1689 23 2

1690 23 2

1691 23 2

1692 23 2

1693 23 2

1694 23 2

1695 23 2

1696 23 2

1697 23 2

1698 23 2

1699 23 2

1700 23 2

1701 23 2

1702 23 2

1703 23 2

1704 23 2

1705 23 2

1706 23 2

1707 23 2

1708 23 2

1709 23 2

1710 23 2

1711 23 2

1712 23 2

1713 23 2

1714 23 2

1715 23 2

1716 23 2

1717 23 2

1718 23 2

1719 23 2

1720 23 2

1721 23 2

1722 23 2

1723 23 2

1724 23 2

1725 23 2

1726 23 2

1727 23 2

1728 23 2

1729 23 2

1730 23 2

1731 23 2

1732 23 2

1733 23 2

1734 23 2

1735 23 2

1736 23 2

1737 23 2

1738 23 2

1739 23 2

1740 23 2

1741 23 2

1742 23 2

1743 23 2

1744 23 2

1745 23 2

1746 23 2

1747 23 2

1748 23 2

1749 23 2

1750 23 2

1751 23 2

1752 23 2

1753 23 2

1754 23 2

1755 23 2

1756 23 2

1757 23 2

1758 23 2

1759 23 2

1760 23 2

1761 23 2

1762 23 2

1763 23 2

1764 23 2

1765 23 2

1766 23 2

1767 23 2

1768 23 2

1769 23 2

1770 23 2

1771 23 2

1772 23 2

1773 23 2

1774 23 2

1775 23 2

1776 23 2

1777 23 2

1778 23 2

1779 23 2

1780 23 2

1781 23 2

1782 23 2

1783 23 2

1784 23 2

1785 23 2

1786 23 2

1787 23 2

1788 23 2

1789 23 2

1790 23 2

1791 23 2

1792 23 2

1793 23 2

1794 23 2

1795 23 2

1796 23 2

1797 23 2

1798 23 2

1799 23 2

1800 23 2

1801 23 2

1802 23 2

1803 23 2

1804 23 2

1805 23 2

1806 23 2

1807 23 2

1808 23 2

1809 23 2

1810 23 2

1811 23 2

1812 23 2

1813 23 2

1814 23 2

1815 23 2

1816 23 2

1817 23 2

1818 23 2

1819 23 2

1820 23 2

1821 23 2

1822 23 2

1823 23 2

1824 23 2

1825 23 2

1826 23 2

1827 23 2

1828 23 2

1829 23 2

1830 23 2

1831 23 2

1832 23 2

1833 23 2

1834 23 2

1835 23 2

1836 23 2

1837 23 2

1838 23 2

1839 23 2

1840 23 2

1841 23 2

1842 23 2

1843 23 2

1844 23 2

1845 23 2

1846 23 2

1847 23 2

1848 23 2

1849 23 2

1850 23 2

1851 23 2

1852 23 2

1853 23 2

1854 23 2

1855 23 2

1856 23 2

1857 23 2

1858 23 2

1859 23 2

1860 23 2

1861 23 2

1862 23 2

1863 23 2

1864 23 2

1865 23 2

1866 23 2

1867 23 2

1868 23 2

1869 23 2

1870 23 2

1871 23 2

1872 23 2

1873 23 2

1874 23 2

1875 23 2

1876 23 2

1877 23 2

1878 23 2

1879 23 2

1880 23 2

1881 23 2

1882 23 2

1883 23 2

1884 23 2

1885 23 2

1886 23 2

1887 23 2

1888 23 2

1889 23 2

1890 23 2

1891 23 2

1892 23 2

1893 23 2

1894 23 2

1895 23 2

1896 23 2

1897 23 2

1898 23 2

1899 23 2

1900 23 2

1901 23 2

1902 23 2

1903 23 2

1904 23 2

1905 23 2

1906 23 2

1907 23 2

1908 23 2

1909 23 2

1910 23 2

1911 23 2

1912 23 2

1913 23 2

1914 23 2

1915 23 2

1916 23 2

1917 23 2

1918 23 2

1919 23 2

1920 23 2

1921 23 2

1922 23 2

1923 23 2

1924 23 2

1925 23 2

1926 23 2

1927 23 2

1928 23 2

1929 23 2

1930 23 2

1931 23 2

1932 23 2

1933 23 2

1934 23 2

1935 23 2

1936 23 2

1937 23 2

1938 23 2

1939 23 2

1940 23 2

1941 23 2

1942 23 2

1943 23 2

1944 23 2

1945 23 2

1946 23 2

1947 23 2

1948 23 2

1949 23 2

1950 23 2

1951 23 2

1952 23 2

1953 23 2

1954 23 2

1955 23 2

1956 23 2

1957 23 2

1958 23 2

1959 23 2

1960 23 2

1961 23 2

1962 23 2

1963 23 2

1964 23 2

1965 23 2

1966 23 2

1967 23 2

1968 23 2

1969 23 2

1970 23 2

1971 23 2

1972 23 2

1973 23 2

1974 23 2

1975 23 2

1976 23 2

1977 23 2

1978 23 2

1979 23 2

1980 23 2

1981 23 2

1982 23 2

1983 23 2

1984 23 2

1985 23 2

1986 23 2

1987 23 2

1988 23 2

1989 23 2

1990 23 2

1991 23 2

1992 23 2

1993 23 2

1994 23 2

1995 23 2

1996 23 2

1997 23 2

1998 23 2

1999 23 2

2000 23 2

2001 23 2

2002 23 2

2003 23 2

2004 23 2

2005 23 2

2006 23 2

2007 23 2

2008 23 2

2009 23 2

2010 23 2

2011 23 2

2012 23 2

2013 23 2

2014 23 2

2015 23 2

2016 23 2

2017 23 2

2018 23 2

2019 23 2

2020 23 2

2021 23 2

2022 23 2

2023 23 2

2024 23 2

2025 23 2

2026 23 2

2027 23 2

2028 23 2

2029 23 2

2030 23 2

2031 23 2

2032 23 2

2033 23 2

2034 23 2

2035 23 2

2036 23 2

2037 23 2

2038 23 2

2039 23 2

2040 23 2

2041 23 2

2042 23 2

2043 23 2

2044 23 2

2045 23 2

2046 23 2

2047 23 2

2048 23 2

2049 23 2

2050 23 2

2051 23 2

2052 23 2

2053 23 2

2054 23 2

2055 23 2

2056 23 2

2057 23 2

2058 23 2

2059 23 2

2060 23 2

2061 23 2

2062 23 2

2063 23 2

2064 23 2

2065 23 2

2066 23 2

2067 23 2

2068 23 2

2069 23 2

2070 23 2

2071 23 2

2072 23 2

2073 23 2

2074 23 2

2075 23 2

2076 23 2

2077 23 2

2078 23 2

2079 23 2

2080 23 2

2081 23 2

2082 23 2

2083 23 2

2084 23 2

2085 23 2

2086 23 2

2087 23 2

2088 23 2

2089 23 2

2090 23 2

2091 23 2

2092 23 2

2093 23 2

2094 23 2

2095 23 2

2096 23 2

2097 23 2

2098 23 2

2099 23 2

2100 23 2

2101 23 2

2102 23 2

2103 23 2

2104 23 2

2105 23 2

2106 23 2

2107 23 2

2108 23 2

2109 23 2

2110 23 2

2111 23 2

2112 23 2

2113 23 2

2114 23 2

2115 23 2

2116 23 2

2117 23 2

2118 23 2

2119 23 2

2120 23 2

2121 23 2

2122 23 2

2123 23 2

2124 23 2

2125 23 2

2126 23 2

2127 23 2

2128 23 2

2129 23 2

2130 23 2

2131 23 2

2132 23 2

2133 23 2

2134 23 2

2135 23 2

2136 23 2

2137 23 2

2138 23 2

2139 23 2

2140 23 2

2141 23 2

2142 23 2

2143 23 2

2144 23 2

2145 23 2

2146 23 2

2147 23 2

2148 23 2

2149 23 2

2150 23 2

2151 23 2

2152 23 2

2153 23 2

2154 23 2

2155 23 2

2156 23 2

2157 23 2

2158 23 2

2159 23 2

2160 23 2

2161 23 2

2162 23 2

2163 23 2

2164 23 2

2165 23 2

2166 23 2

2167 23 2

2168 23 2

2169 23 2

2170 23 2

2171 23 2

2172 23 2

2173 23 2

2174 23 2

2175 23 2

2176 23 2

2177 23 2

2178 23 2

2179 23 2

2180 23 2

2181 23 2

2182 23 2

2183 23 2

2184 23 2

2185 23 2

2186 23 2

2187 23 2

2188 23 2

2189 23 2

2190 23 2

2191 23 2

2192 23 2

2193 23 2

2194 23 2

2195 23 2

2196 23 2

2197 23 2

2198 23 2

2199 23 2

2200 23 2

2201 23 2

2202 23 2

2203 23 2

2204 23 2

2205 23 2

2206 23 2

2207 23 2

2208 23 2

2209 23 2

2210 23 2

2211 23 2

2212 23 2

2213 23 2

2214 23 2

2215 23 2

2216 23 2

2217 23 2

2218 23 2

2219 23 2

2220 23 2

2221 23 2

2222 23 2

2223 23 2

2224 23 2

163 3 4

test createtest: 
1 24 7

2 24 7

3 24 7

4 24 7

5 24 7

6 24 7

7 24 7

8 24 7

9 24 7

10 24 7

11 24 7

12 24 7

13 24 7

14 24 7

15 24 7

16 24 7

17 24 7

18 24 7

19 24 7

20 24 7

21 24 7

22 24 7

23 24 7

24 24 7

25 24 7

26 24 7

27 24 7

28 24 7

29 24 7

30 24 7

31 24 7

32 24 7

33 24 7

34 24 7

35 24 7

36 24 7

37 24 7

38 24 7

39 24 7

40 24 7

41 24 7

42 24 7

43 24 7

44 24 7

45 24 7

46 24 7

47 24 7

48 24 7

49 24 7

50 24 7

51 24 7

52 24 7

53 24 7

54 24 7

55 24 7

56 24 7

57 24 7

58 24 7

59 24 7

60 24 7

61 24 7

62 24 7

63 24 7

64 24 7

65 24 7

66 24 7

67 24 7

68 24 7

69 24 7

70 24 7

71 24 7

72 24 7

73 24 7

74 24 7

75 24 7

76 24 7

77 24 7

78 24 7

79 24 7

80 24 7

81 24 7

82 24 7

83 24 7

84 24 7

85 24 7

86 24 7

87 24 7

88 24 7

89 24 7

90 24 7

91 24 7

92 24 7

93 24 7

94 24 7

95 24 7

96 24 7

97 24 7

98 24 7

99 24 7

100 24 7

101 24 7

102 24 7

103 24 7

104 24 7

105 24 7

106 24 7

107 24 7

108 24 7

109 24 7

110 24 7

111 24 7

112 24 7

113 24 7

114 24 7

115 24 7

116 24 7

117 24 7

118 24 7

119 24 7

120 24 7

121 24 7

122 24 7

123 24 7

124 24 7

125 24 7

126 24 7

127 24 7

128 24 7

129 24 7

130 24 7

131 24 7

132 24 7

133 24 7

134 24 7

135 24 7

136 24 7

137 24 7

138 24 7

139 24 7

140 24 7

141 24 7

142 24 7

143 24 7

144 24 7

145 24 7

146 24 7

147 24 7

148 24 7

149 24 7

150 24 7

151 24 7

152 24 7

153 24 7

154 24 7

155 24 7

156 24 7

157 24 7

158 24 7

159 24 7

160 24 7

161 24 7

162 24 7

163 24 7

164 24 7

165 24 7

166 24 7

167 24 7

168 24 7

169 24 7

170 24 7

171 24 7

172 24 7

173 24 7

174 24 7

175 24 7

176 24 7

177 24 7

178 24 7

179 24 7

180 24 7

181 24 7

182 24 7

183 24 7

184 24 7

185 24 7

186 24 7

187 24 7

188 24 7

189 24 7

190 24 7

191 24 7

192 24 7

193 24 7

194 24 7

195 24 7

196 24 7

197 24 7

198 24 7

199 24 7

200 24 7

201 24 7

202 24 7

203 24 7

204 24 7

205 24 7

206 24 7

207 24 7

208 24 7

209 24 7

210 24 7

211 24 7

212 24 7

213 24 7

214 24 7

215 24 7

216 24 7

217 24 7

218 24 7

219 24 7

220 24 7

221 24 7

222 24 7

223 24 7

224 24 7

225 24 7

226 24 7

227 24 7

228 24 7

229 24 7

230 24 7

231 24 7

232 24 7

233 24 7

234 24 7

235 24 7

236 24 7

237 24 7

238 24 7

239 24 7

240 24 7

241 24 7

242 24 7

243 24 7

244 24 7

245 24 7

246 24 7

247 24 7

248 24 7

249 24 7

250 24 7

251 24 7

252 24 7

253 24 7

254 24 7

255 24 7

256 24 7

257 24 7

258 24 7

259 24 7

260 24 7

261 24 7

262 24 7

263 24 7

264 24 7

265 24 7

266 24 7

267 24 7

268 24 7

269 24 7

270 24 7

271 24 7

272 24 7

273 24 7

274 24 7

275 24 7

276 24 7

277 24 7

278 24 7

279 24 7

280 24 7

281 24 7

282 24 7

283 24 7

284 24 7

285 24 7

286 24 7

287 24 7

288 24 7

289 24 7

290 24 7

291 24 7

292 24 7

293 24 7

294 24 7

295 24 7

296 24 7

297 24 7

298 24 7

299 24 7

300 24 7

301 24 7

302 24 7

303 24 7

304 24 7

305 24 7

306 24 7

307 24 7

308 24 7

309 24 7

310 24 7

311 24 7

312 24 7

313 24 7

314 24 7

315 24 7

316 24 7

317 24 7

318 24 7

319 24 7

320 24 7

321 24 7

322 24 7

323 24 7

324 24 7

325 24 7

326 24 7

327 24 7

328 24 7

329 24 7

330 24 7

331 24 7

332 24 7

333 24 7

334 24 7

335 24 7

336 24 7

337 24 7

338 24 7

339 24 7

340 24 7

341 24 7

342 24 7

343 24 7

344 24 7

345 24 7

346 24 7

347 24 7

348 24 7

349 24 7

350 24 7

351 24 7

352 24 7

353 24 7

354 24 7

355 24 7

356 24 7

357 24 7

358 24 7

359 24 7

360 24 7

361 24 7

362 24 7

363 24 7

364 24 7

365 24 7

366 24 7

367 24 7

368 24 7

369 24 7

370 24 7

371 24 7

372 24 7

373 24 7

374 24 7

375 24 7

376 24 7

377 24 7

378 24 7

379 24 7

380 24 7

381 24 7

382 24 7

383 24 7

384 24 7

385 24 7

386 24 7

387 24 7

388 24 7

389 24 7

390 24 7

391 24 7

392 24 7

393 24 7

394 24 7

395 24 7

396 24 7

397 24 7

398 24 7

399 24 7

400 24 7

401 24 7

402 24 7

403 24 7

404 24 7

405 24 7

406 24 7

407 24 7

408 24 7

409 24 7

410 24 7

411 24 7

412 24 7

413 24 7

414 24 7

415 24 7

416 24 7

417 24 7

418 24 7

419 24 7

420 24 7

421 24 7

422 24 7

423 24 7

424 24 7

425 24 7

426 24 7

427 24 7

428 24 7

429 24 7

430 24 7

431 24 7

432 24 7

433 24 7

434 24 7

435 24 7

436 24 7

437 24 7

438 24 7

439 24 7

440 24 7

441 24 7

442 24 7

443 24 7

444 24 7

445 24 7

446 24 7

447 24 7

448 24 7

449 24 7

450 24 7

451 24 7

452 24 7

453 24 7

454 24 7

455 24 7

456 24 7

457 24 7

458 24 7

459 24 7

460 24 7

461 24 7

462 24 7

463 24 7

464 24 7

465 24 7

466 24 7

467 24 7

468 24 7

469 24 7

470 24 7

471 24 7

472 24 7

473 24 7

474 24 7

475 24 7

476 24 7

477 24 7

478 24 7

479 24 7

480 24 7

481 24 7

482 24 7

483 24 7

484 24 7

485 24 7

486 24 7

487 24 7

488 24 7

489 24 7

490 24 7

491 24 7

492 24 7

493 24 7

494 24 7

495 24 7

496 24 7

497 24 7

498 24 7

499 24 7

500 24 7

501 24 7

502 24 7

503 24 7

504 24 7

505 24 7

506 24 7

507 24 7

508 24 7

509 24 7

510 24 7

511 24 7

512 24 7

513 24 7

514 24 7

515 24 7

516 24 7

517 24 7

518 24 7

519 24 7

520 24 7

521 24 7

522 24 7

523 24 7

524 24 7

525 24 7

526 24 7

527 24 7

528 24 7

529 24 7

530 24 7

531 24 7

532 24 7

533 24 7

534 24 7

535 24 7

536 24 7

537 24 7

538 24 7

539 24 7

540 24 7

541 24 7

542 24 7

543 24 7

544 24 7

545 24 7

546 24 7

547 24 7

548 24 7

549 24 7

550 24 7

551 24 7

552 24 7

553 24 7

554 24 7

555 24 7

556 24 7

557 24 7

558 24 7

559 24 7

560 24 7

561 24 7

562 24 7

563 24 7

564 24 7

565 24 7

566 24 7

567 24 7

568 24 7

569 24 7

570 24 7

571 24 7

572 24 7

573 24 7

574 24 7

575 24 7

576 24 7

577 24 7

578 24 7

579 24 7

580 24 7

581 24 7

582 24 7

583 24 7

584 24 7

585 24 7

586 24 7

587 24 7

588 24 7

589 24 7

590 24 7

591 24 7

592 24 7

593 24 7

594 24 7

595 24 7

596 24 7

597 24 7

598 24 7

599 24 7

600 24 7

601 24 7

602 24 7

603 24 7

604 24 7

605 24 7

606 24 7

607 24 7

608 24 7

609 24 7

610 24 7

611 24 7

612 24 7

613 24 7

614 24 7

615 24 7

616 24 7

617 24 7

618 24 7

619 24 7

620 24 7

621 24 7

622 24 7

623 24 7

624 24 7

625 24 7

626 24 7

627 24 7

628 24 7

629 24 7

630 24 7

631 24 7

632 24 7

633 24 7

634 24 7

635 24 7

636 24 7

637 24 7

638 24 7

639 24 7

640 24 7

641 24 7

642 24 7

643 24 7

644 24 7

645 24 7

646 24 7

647 24 7

648 24 7

649 24 7

650 24 7

651 24 7

652 24 7

653 24 7

654 24 7

655 24 7

656 24 7

657 24 7

658 24 7

659 24 7

660 24 7

661 24 7

662 24 7

663 24 7

664 24 7

665 24 7

666 24 7

667 24 7

668 24 7

669 24 7

670 24 7

671 24 7

672 24 7

673 24 7

674 24 7

675 24 7

676 24 7

677 24 7

678 24 7

679 24 7

680 24 7

681 24 7

682 24 7

683 24 7

684 24 7

685 24 7

686 24 7

687 24 7

688 24 7

689 24 7

690 24 7

691 24 7

692 24 7

693 24 7

694 24 7

695 24 7

696 24 7

697 24 7

698 24 7

699 24 7

700 24 7

701 24 7

702 24 7

703 24 7

704 24 7

705 24 7

706 24 7

707 24 7

708 24 7

709 24 7

710 24 7

711 24 7

712 24 7

713 24 7

714 24 7

715 24 7

716 24 7

717 24 7

718 24 7

719 24 7

720 24 7

721 24 7

722 24 7

723 24 7

724 24 7

725 24 7

726 24 7

727 24 7

728 24 7

729 24 7

730 24 7

731 24 7

732 24 7

733 24 7

734 24 7

735 24 7

736 24 7

737 24 7

738 24 7

739 24 7

740 24 7

741 24 7

742 24 7

743 24 7

744 24 7

745 24 7

746 24 7

747 24 7

748 24 7

749 24 7

750 24 7

751 24 7

752 24 7

753 24 7

754 24 7

755 24 7

756 24 7

757 24 7

758 24 7

759 24 7

760 24 7

761 24 7

762 24 7

763 24 7

764 24 7

765 24 7

766 24 7

767 24 7

768 24 7

769 24 7

770 24 7

771 24 7

772 24 7

773 24 7

774 24 7

775 24 7

776 24 7

777 24 7

778 24 7

779 24 7

780 24 7

781 24 7

782 24 7

783 24 7

784 24 7

785 24 7

786 24 7

787 24 7

788 24 7

789 24 7

790 24 7

791 24 7

792 24 7

793 24 7

794 24 7

795 24 7

796 24 7

797 24 7

798 24 7

799 24 7

800 24 7

801 24 7

802 24 7

803 24 7

804 24 7

805 24 7

806 24 7

807 24 7

808 24 7

809 24 7

810 24 7

811 24 7

812 24 7

813 24 7

814 24 7

815 24 7

816 24 7

817 24 7

818 24 7

819 24 7

820 24 7

821 24 7

822 24 7

823 24 7

824 24 7

825 24 7

826 24 7

827 24 7

828 24 7

829 24 7

830 24 7

831 24 7

832 24 7

833 24 7

834 24 7

835 24 7

836 24 7

837 24 7

838 24 7

839 24 7

840 24 7

841 24 7

842 24 7

843 24 7

844 24 7

845 24 7

846 24 7

847 24 7

848 24 7

849 24 7

850 24 7

851 24 7

852 24 7

164 3 4

test dirtest: 
1 25 3

2 25 3

3 25 3

4 25 3

5 25 3

6 25 3

7 25 3

8 25 3

9 25 3

10 25 3

11 25 3

12 25 3

13 25 3

14 25 3

15 25 3

16 25 3

17 25 3

18 25 3

19 25 3

20 25 3

21 25 3

22 25 3

23 25 3

24 25 3

25 25 3

26 25 3

165 3 4

test exectest: 
1 26 5

1 27 2

2 27 2

3 27 2

4 27 2

5 27 2

6 27 2

7 27 2

8 27 2

9 27 2

10 27 2

11 27 2

12 27 2

13 27 2

14 27 2

15 27 2

16 27 2

17 27 2

18 27 2

19 27 2

20 27 2

21 27 2

22 27 2

23 27 2

24 27 2

25 27 2

26 27 2

27 27 2

28 27 2

29 27 2

2 26 5

3 26 5

4 26 5

5 26 5

6 26 5

7 26 5

8 26 5

9 26 5

10 26 5

11 26 5

12 26 5

13 26 5

14 26 5

15 26 5

16 26 5

166 3 4

test pipe1: 
1 28 10

1 29 8

2 28 10

2 29 8

3 29 8

4 29 8

5 29 8

6 29 8

7 29 8

8 29 8

9 29 8

10 29 8

11 29 8

3 28 10

12 29 8

13 29 8

4 28 10

14 29 8

15 29 8

5 28 10

16 29 8

17 29 8

18 29 8

19 29 8

167 3 4

168 3 4

test preempt: 
1 30 3

1 31 3

1 32 8

1 33 3

2 30 3

2 32 8

2 31 3
2 33 3
3 30 3

169 3 4

1 34 2

1 35 10

2 34 2

1 36 8

3 34 2

1 37 4

4 34 2

1 38 4

5 34 2

1 39 7

6 34 2

1 40 5

7 34 2

1 41 2

8 34 2

1 42 6

9 34 2

1 43 3

10 34 2

1 44 10

11 34 2

1 45 7

12 34 2

1 46 5

13 34 2

1 47 5

14 34 2

1 48 7

15 34 2

1 49 10

16 34 2

1 50 9

17 34 2

1 51 9

18 34 2

1 52 3

19 34 2

1 53 8

20 34 2

1 54 6

21 34 2

1 55 5

22 34 2

1 56 9

23 34 2

1 57 2

24 34 2

1 58 3

25 34 2

1 59 8

26 34 2

1 60 1

27 34 2

1 61 9

28 34 2

1 62 10

29 34 2

1 63 4

30 34 2

1 64 1

31 34 2
